0.000000000000000000e+00 0.000000000000000000e+00
1.010101010101010187e-02 3.861893610467211080e-02
2.020202020202020374e-02 6.659111737437493905e-02
3.030303030303030387e-02 9.413529115054014573e-02
4.040404040404040747e-02 1.215626489349834610e-01
5.050505050505051108e-02 1.489209460131367124e-01
6.060606060606060774e-02 1.762154176557595153e-01
7.070707070707071829e-02 2.034415984966359836e-01
8.080808080808081495e-02 2.305922609037187321e-01
9.090909090909091161e-02 2.576591555380846610e-01
1.010101010101010222e-01 2.846334765846690873e-01
1.111111111111111188e-01 3.115059714448248918e-01
1.212121212121212155e-01 3.382669408471118966e-01
1.313131313131313260e-01 3.649062007787851059e-01
1.414141414141414366e-01 3.914130277527433921e-01
1.515151515151515194e-01 4.177760936006363890e-01
1.616161616161616299e-01 4.439833909597048489e-01
1.717171717171717404e-01 4.700221488069164510e-01
1.818181818181818232e-01 4.958787365846437090e-01
1.919191919191919338e-01 5.215385549355241457e-01
2.020202020202020443e-01 5.469859105668772870e-01
2.121212121212121271e-01 5.722038721932246608e-01
2.222222222222222376e-01 5.971741037987725598e-01
2.323232323232323482e-01 6.218766705657061689e-01
2.424242424242424310e-01 6.462898116636901502e-01
2.525252525252525415e-01 6.703896726045941445e-01
2.626262626262626521e-01 6.941499879149449770e-01
2.727272727272727626e-01 7.175417022995926875e-01
2.828282828282828731e-01 7.405325150254262745e-01
2.929292929292929282e-01 7.630863275999161255e-01
3.030303030303030387e-01 7.851625684522522963e-01
3.131313131313131493e-01 8.067153594952894968e-01
3.232323232323232598e-01 8.276924770187726876e-01
3.333333333333333703e-01 8.480340415846558955e-01
3.434343434343434809e-01 8.676708456976789385e-01
3.535353535353535914e-01 8.865221895430929200e-01
3.636363636363636465e-01 9.044930366197719840e-01
3.737373737373737570e-01 9.214702100321505718e-01
3.838383838383838675e-01 9.373172043025111977e-01
3.939393939393939781e-01 9.518669461634521323e-01
4.040404040404040886e-01 9.649114232999125296e-01
4.141414141414141992e-01 9.761863569032009913e-01
4.242424242424242542e-01 9.853476918409612706e-01
4.343434343434343647e-01 9.919338654612703809e-01
4.444444444444444753e-01 9.953017318801357094e-01
4.545454545454545858e-01 9.945095514943742554e-01
4.646464646464646964e-01 9.880815604987415179e-01
4.747474747474748069e-01 9.734652589006761447e-01
4.848484848484848619e-01 9.454987869018967039e-01
4.949494949494949725e-01 8.904301341469167408e-01
5.050505050505050830e-01 -8.904301341469202935e-01
5.151515151515152491e-01 -9.454987869018967039e-01
5.252525252525253041e-01 -9.734652589006761447e-01
5.353535353535353591e-01 -9.880815604987415179e-01
5.454545454545455252e-01 -9.945095514943742554e-01
5.555555555555555802e-01 -9.953017318801357094e-01
5.656565656565657463e-01 -9.919338654612703809e-01
5.757575757575758013e-01 -9.853476918409612706e-01
5.858585858585858563e-01 -9.761863569032009913e-01
5.959595959595960224e-01 -9.649114232999124185e-01
6.060606060606060774e-01 -9.518669461634521323e-01
6.161616161616162435e-01 -9.373172043025109756e-01
6.262626262626262985e-01 -9.214702100321503497e-01
6.363636363636364646e-01 -9.044930366197717619e-01
6.464646464646465196e-01 -8.865221895430926979e-01
6.565656565656565746e-01 -8.676708456976788275e-01
6.666666666666667407e-01 -8.480340415846557844e-01
6.767676767676767957e-01 -8.276924770187725766e-01
6.868686868686869618e-01 -8.067153594952893858e-01
6.969696969696970168e-01 -7.851625684522520743e-01
7.070707070707071829e-01 -7.630863275999159034e-01
7.171717171717172379e-01 -7.405325150254259414e-01
7.272727272727272929e-01 -7.175417022995923544e-01
7.373737373737374590e-01 -6.941499879149447549e-01
7.474747474747475140e-01 -6.703896726045939225e-01
7.575757575757576801e-01 -6.462898116636899282e-01
7.676767676767677351e-01 -6.218766705657061689e-01
7.777777777777777901e-01 -5.971741037987724487e-01
7.878787878787879562e-01 -5.722038721932245497e-01
7.979797979797980112e-01 -5.469859105668770649e-01
8.080808080808081773e-01 -5.215385549355239236e-01
8.181818181818182323e-01 -4.958787365846436535e-01
8.282828282828283983e-01 -4.700221488069163400e-01
8.383838383838384534e-01 -4.439833909597047379e-01
8.484848484848485084e-01 -4.177760936006362780e-01
8.585858585858586745e-01 -3.914130277527432811e-01
8.686868686868687295e-01 -3.649062007787849948e-01
8.787878787878788955e-01 -3.382669408471117856e-01
8.888888888888889506e-01 -3.115059714448247807e-01
8.989898989898991166e-01 -2.846334765846689763e-01
9.090909090909091717e-01 -2.576591555380846055e-01
9.191919191919192267e-01 -2.305922609037187043e-01
9.292929292929293927e-01 -2.034415984966360114e-01
9.393939393939394478e-01 -1.762154176557595431e-01
9.494949494949496138e-01 -1.489209460131367679e-01
9.595959595959596689e-01 -1.215626489349834749e-01
9.696969696969697239e-01 -9.413529115054011798e-02
9.797979797979798899e-01 -6.659111737437489742e-02
9.898989898989899450e-01 -3.861893610467211774e-02
1.000000000000000000e+00 -2.449293598294706414e-16
